-10.00000    6.11010   17.59200
  -9.79167    5.52770    9.13020
  -9.58333    8.51860   13.66200
  -9.37500    7.00320   11.85400
  -9.16667    5.85980    6.82330
  -8.95833    8.38290   11.88600
  -8.75000    7.47640    4.34830
  -8.54167    8.57810   12.00000
  -8.33333    6.48620    6.59870
  -8.12500    5.05460    3.81660
  -7.91667    5.71070    3.25220
  -7.70833   14.16400   15.50500
  -7.50000    5.73400    3.15510
  -7.29167    8.40840    7.22580
  -7.08333    5.64070    0.71618
  -6.87500    5.37940    3.51290
  -6.66667    6.36540    5.30480
  -6.45833    5.13010    0.56077
  -6.25000    6.42960    3.65180
  -6.04167    7.07080    5.38930
  -5.83333    6.18910    3.13860
  -5.62500   20.27000   21.76700
  -5.41667    5.49010    4.26300
  -5.20833    6.32610    5.18750
  -5.00000    5.56490    3.08250
  -4.79167   18.94500   22.63800
  -4.58333   12.82800   13.50100
  -4.37500   10.95700    7.04670
  -4.16667   13.17600   14.69200
  -3.95833   22.20300   24.14700
  -3.75000    5.25240   -1.22000
  -3.54167    6.58940    5.99660
  -3.33333    9.24820   12.13400
  -3.12500    5.89180    1.84950
  -2.91667    8.21110    6.54260
  -2.70833    7.93340    4.56230
  -2.50000    8.09590    4.11640
  -2.29167    5.60630    3.39280
  -2.08333   12.83600   10.11700
  -1.87500    6.35340    5.49740
  -1.66667    5.40690    0.55657
  -1.45833    6.88250    3.91150
  -1.25000   11.70800    5.38540
  -1.04167    5.77370    2.44060
  -0.83333    7.82470    6.73180
  -0.62500    7.09310    1.04630
  -0.41667    5.07020    5.13370
  -0.20833    5.80140    1.84400
   0.00000   11.70000    8.00430
   0.20833    5.54160    1.01790
   0.41667    7.54020    6.75040
   0.62500    5.30770    1.83960
   0.83333    7.42390    4.28850
   1.04167    7.60310    4.99810
   1.25000    6.33280    1.42330
   1.45833    6.35890   -1.42110
   1.66667    6.27420    2.47560
   1.87500    5.63970    4.60420
   2.08333    9.31020    3.96240
   2.29167    9.45360    5.41410
   2.50000    8.82540    5.16940
   2.70833    5.17930   -0.74279
   2.91667   21.27900   17.92900
   3.12500   14.90800   12.05400
   3.33333   18.95900   17.05400
   3.54167    7.21820    4.88520
   3.75000    8.29510    5.74420
   3.95833   10.23600    7.77540
   4.16667    5.49940    1.01730
   4.37500   20.34100   20.99200
   4.58333   10.13600    6.67990
   4.79167    7.33450    4.02590
   5.00000    6.00620    1.27840
   5.20833    7.22590    3.34110
   5.41667    5.02690   -2.68070
   5.62500    6.54790    0.29678
   5.83333    7.53860    3.88450
   6.04167    5.03650    5.70140
   6.25000   10.27400    6.75260
   6.45833    5.10770    2.05760
   6.66667    5.72920    0.47953
   6.87500    5.18840    0.20421
   7.08333    6.35570    0.67861
   7.29167    9.76870    7.54350
   7.50000    6.51590    5.34360
   7.70833    8.51720    4.24150
   7.91667    9.18020    6.79810
   8.12500    6.00200    0.92695
   8.33333    5.52040    0.15200
   8.54167    5.05940    2.82140
   8.75000    5.70770    1.84510
   8.95833    7.63660    4.29590
   9.16667    5.87070    7.20290
   9.37500    5.30540    1.98690
   9.58333    8.29340    0.14454
   9.79167   13.39400    9.05510
  10.00000    5.43690    0.61705
